----------- Initial weights: ------------- 
Weight matrix from input to hidden layer 
[[ 0.25099601  0.37019711 -0.37546561  0.08926537 -0.1302739 ]
 [-0.41994216  0.01333984 -0.04947745 -0.01385692  0.45808035]
 [-0.03165489 -0.17392498 -0.14189175  0.20443463 -0.30679416]
 [-0.38362963  0.45125671 -0.4160892  -0.2506141   0.44322973]
 [ 0.45788656  0.06654845  0.4521457  -0.10038166 -0.32053295]
 [ 0.21575973  0.46672039  0.34223803  0.01009861 -0.48130646]
 [ 0.41488355 -0.32504914 -0.37194388  0.44617265 -0.08406505]
 [ 0.38819135 -0.25383989  0.01361363  0.10411418 -0.23144489]
 [-0.18709269  0.31132376 -0.12289224  0.1539598   0.14199477]]
 Weight matrix from hidden to output 
[[ 0.38988575 -0.00712464  0.42397443  0.38509371 -0.45190098  0.29419653]
 [-0.24362934 -0.38285858  0.3704854   0.32112441 -0.22284027  0.02617161]
 [-0.35683683 -0.2974893   0.11907717 -0.21864013  0.36981825 -0.00319272]
 [-0.30575312 -0.21017208 -0.46375119  0.0288392  -0.35066454  0.08415617]
 [ 0.47011029 -0.48713202  0.20969238 -0.4299356   0.07609906 -0.42920467]]
 ----------- Final weights: ------------- 
Weight matrix from input to hidden layer 
[[ 3.73126304e+00  1.37127208e-01 -2.81324458e+00  2.58151208e+00
  -1.86987491e-03]
 [-4.09382502e-01  6.07745934e-02 -9.30609586e-01 -2.89462426e+00
   1.42132929e-01]
 [-6.02419337e+00  2.09649697e+00  1.97107112e+00  5.38520267e+00
   2.68549945e+00]
 [ 1.28427832e+00  1.37612590e+00 -1.73245819e+00 -4.96930455e+00
   2.14822796e+00]
 [ 3.77887755e+00  8.83101172e-01  7.88923609e-01  7.67163474e-02
   5.23529865e-01]
 [-4.21593377e+00 -5.65150263e-01  1.15854720e+00  2.89013517e+00
  -1.58122800e+00]
 [ 3.28012988e-01 -2.39866201e+00 -1.62790932e+00  4.84775391e+00
  -2.62011296e+00]
 [ 9.66798911e-01  1.01752580e-01 -7.28216188e-01 -4.81207530e+00
   6.23396554e-01]
 [-2.58715698e+00 -3.45478685e-01 -7.69804707e-01  2.87062632e-01
  -7.19378784e-01]]
 Weight matrix from hidden to output 
[[ 2.43497971  2.42526794  2.42504144  2.38857718  2.4626786   2.41862562]
 [ 1.00083272  1.29101377  1.29196222  1.57606988  1.03757795  1.40777402]
 [-1.13100051 -1.10757191 -1.11399292 -1.20684864 -1.00953247 -1.11160464]
 [-3.72563435 -3.72196502 -3.72351133 -3.70351489 -3.74442168 -3.71933727]
 [ 1.94311465  1.65120977  1.655083    1.41271402  1.86403315  1.53953677]]
 ----------- Outputs: ------------- 
Actual: [7.0, 1.0, 2.0, 6.0, 5.0, 2.0, 2.0, 2.0, 1.0, 2.0, 1.0, 2.0, 3.0, 2.0, 2.0, 7.0, 2.0, 1.0, 3.0, 3.0, 5.0, 2.0, 7.0, 7.0, 2.0, 1.0, 7.0, 1.0, 2.0, 2.0, 1.0, 1.0, 2.0]
Predict:[7, 2, 2, 4, 4, 2, 1, 2, 1, 2, 2, 1, 2, 2, 2, 7, 1, 1, 1, 2, 6, 1, 7, 7, 1, 2, 7, 2, 2, 1, 2, 1, 2]
